00100001 00010000 00000000 00000000
00100001 01000000 00000000 00000100
00100001 01010000 00000000 00000101
00000000 00000000 00000000 00000000
00100011 00010001 00000000 01100100
00000000 00000000 00000000 00000000
00000000 00000000 00000000 00000000
00000000 00000000 00000000 00000000
00110001 00010000 00000000 00000011
01100000 00000000 00000000 00110000
00000000 00000000 00000000 00000000
01111000 00000000 00000000 00001100
00000000 00000000 00000000 00000000
00100111 01100100 00000000 00000101
00100010 01110100 01010000 00000000
00100100 10000101 01000000 00000000
00010000 00000000 00000000 00000000
